%% 题目：用一个简单命令求解线性系统
% 2x1 – x2 – x3 + x4 = 1
% x1 + x2 – 2x3 + x4 = 1
% 4x1 - 6x2 + x3 - 3x4 = -17
% 3x1 + 6x2 – 9x3 + 6x4 = 12

A = [2, -1, -1, 1; 1, 1, -2, 1; 4, -6, 1, -3; 3, 6, -9, 6];
b = [1; 1; -17; 12];
x = (A\b)'
